"股票代號","股票名稱","收盤價","漲跌","最高價","最低價","成交量"
"0001","鴻運",18.70,-0.30,18.80,18.60,3550
"0002","福元",24.20,-0.50,24.60,24.20,11801
"0003","成長",24.90,-0.10,25.00,24.90,177
"0004","國民",21.30,-0.40,21.50,21.10,1738
"0005","成功",17.20,-0.40,17.50,17.20,175
"0006","鴻福",17.50,-0.30,17.60,17.50,98
"0011","和信",16.10,-0.30,16.30,15.60,724
"0012","多元",13.35,-0.05,13.40,13.10,21409
"0013","永昌",10.90,-0.15,11.00,10.80,1976
"0014","統信",17.90,-0.10,18.00,17.80,737
"0015","富邦",17.60,-0.30,17.80,17.50,2714
"0018","怡富",19.60,-0.60,20.00,19.60,6630
"0019","鑽石",11.40,-0.10,11.45,11.40,55
"0020","元富金",20.60,-0.20,20.70,20.50,1019
"0021","富貴",14.90,-0.20,15.00,14.80,6313
"0023","群益基金",24.30,-0.20,24.40,24.10,2433
"0024","元滿",11.75,-0.25,11.90,11.70,1910
"0025","大發",11.75,-0.25,11.90,11.70,534
"0026","金鼎概",11.05,-0.20,11.20,11.00,752
"0027","中國金",13.75,-0.05,13.75,13.45,3626
"0028","群益店",14.90,-0.30,15.20,14.80,1325
"1101","台泥",38.30,-0.30,38.80,38.20,1761
"1102","亞泥",40.50,-0.60,40.50,40.20,2093
"1103","嘉泥",23.10,-0.10,23.20,23.00,2170
"1104","環泥",18.10,0.20,18.20,17.90,678
"1107","建台",15.80,-0.10,16.00,15.70,1592
"1108","幸福",21.10,-0.20,21.30,20.80,62
"1109","信大",33.60,0.40,33.60,32.80,38
"1110","東泥",19.80,-0.10,19.90,19.60,447
"1201","味全",41.20,0.60,41.70,40.40,3917
"1202","農林",85.00,-1.50,85.50,84.50,2509
"1203","味王",27.50,0.10,27.80,27.50,485
"1206","台鳳",67.50,0.00,67.50,66.00,1777
"1207","嘉麵",14.60,0.00,14.65,14.40,1186
"1209","益華",18.80,0.00,18.80,18.50,4466
"1210","大成",18.80,-0.30,19.00,18.50,2365
"1212","中日",22.70,-0.60,23.30,22.70,651
"1213","大西洋",46.80,-0.40,47.20,46.80,17
"1214","尚德",16.10,0.40,16.20,15.70,204
"1215","卜蜂",19.80,-0.20,20.00,19.70,376
"1216","統一",45.90,-0.10,46.00,45.50,2889
"1217","愛之味",21.20,-0.20,21.50,21.10,600
"1218","泰山",22.50,0.70,22.50,21.60,3298
"1219","福壽",15.60,-0.20,16.00,15.30,577
"1220","台榮",18.40,-0.10,18.50,18.30,50
"1221","久津",16.10,-0.30,16.50,16.00,359
"1222","源益",15.10,-0.30,15.40,15.10,194
"1223","大裕",82.00,-1.00,83.00,81.50,957
"1224","惠勝",16.60,-0.20,16.80,16.50,48
"1225","福懋油",29.20,-0.40,29.70,29.20,177
"1226","立大",17.90,-0.20,18.20,17.70,253
"1227","佳格",51.50,-0.50,52.00,50.00,171
"1228","臺芳",16.20,0.20,16.40,16.10,370
"1229","聯華",25.60,-0.30,25.70,25.20,1147
"1230","聯成食",27.50,0.30,27.70,27.20,90
"1231","聯華食",62.00,3.50,62.50,59.00,2583
"1232","大統益",25.30,-0.30,25.60,25.30,59
"1301","台塑",62.50,-1.00,63.00,62.00,4206
"1303","南亞",72.00,-1.00,72.50,72.00,5154
"1304","台聚",33.80,1.80,33.80,31.50,14471
"1305","華夏",24.10,0.10,24.30,23.40,4890
"1306","合發",24.30,0.00,24.30,24.30,90
"1307","三芳",26.50,-0.40,27.40,26.10,4928
"1308","亞聚",58.00,0.50,58.00,57.00,1739
"1309","台達化",28.90,0.70,28.90,27.50,5365
"1310","台苯",28.00,0.30,28.40,27.50,3328
"1311","福聚",35.80,0.00,36.20,35.10,1811
"1312","國喬",24.00,0.40,24.20,23.30,6140
"1313","聯成",25.60,0.20,26.00,25.00,2828
"1314","中石化",44.60,-0.50,45.40,44.40,15263
"1315","達新",32.30,0.40,33.00,31.70,1340
"1316","上曜",19.60,-0.10,20.20,19.60,157
"1317","尚鋒",8.90,-0.10,9.00,8.80,113
"1318","普大",29.70,-0.10,29.80,29.50,458
"1319","東陽",34.70,-0.90,35.60,34.70,1338
"1320","大穎",25.00,0.50,25.00,24.20,1674
"1402","遠紡",46.00,-0.60,46.50,45.70,5509
"1407","華隆",28.00,-0.60,28.50,28.00,42304
"1408","中紡",12.95,-0.05,13.00,12.80,1822
"1409","新纖",19.90,-0.40,20.10,19.50,9423
"1410","南染",33.00,-0.20,33.00,32.50,247
"1413","宏洲",27.30,-0.90,27.90,27.00,5206
"1414","東和",26.40,-0.80,26.70,26.00,2233
"1416","廣豐",51.50,0.50,52.50,50.00,11551
"1417","嘉裕",18.00,-0.10,18.20,17.80,591
"1418","東華",23.80,-0.70,24.30,23.30,1675
"1419","新紡",61.50,-1.50,63.00,61.00,1227
"1420","潤泰",28.80,0.90,28.80,27.20,12243
"1422","民紡",45.00,1.00,45.20,41.00,343
"1423","利華",18.30,-0.10,18.40,18.20,183
"1425","福昌",11.50,-0.25,11.85,11.30,90
"1431","新燕",60.00,-2.00,62.50,58.00,718
"1432","大魯閣",32.40,1.00,33.30,30.80,721
"1433","台化",38.80,-0.10,39.00,38.30,4551
"1434","福懋",31.00,-0.30,31.20,30.50,1911
"1435","中福",20.60,-0.10,20.70,20.30,193
"1436","福益",34.30,0.80,34.90,33.60,673
"1437","勤益",41.50,0.70,43.00,40.50,2363
"1438","裕豐",44.30,-0.30,44.80,44.20,255
"1439","中和羊",43.80,-0.70,45.10,43.60,411
"1440","南紡",20.80,-0.10,21.00,20.60,1549
"1441","大東紡",21.10,0.00,21.40,21.00,304
"1442","達永興",58.00,0.50,58.50,57.00,608
"1443","立益紡",21.30,-0.30,22.00,21.30,1005
"1444","力麗",26.50,-0.30,26.50,26.00,2840
"1445","大宇",23.40,-0.30,23.70,23.20,951
"1446","宏和",17.60,0.30,17.60,17.40,2398
"1447","力鵬",32.90,-0.90,33.30,32.90,3670
"1448","皇帝龍",19.10,0.00,19.50,19.00,2142
"1449","佳和",18.80,-0.30,19.10,18.80,891
"1450","新藝",27.80,1.00,27.80,26.80,14359
"1451","年興",63.50,-1.50,64.50,62.50,1678
"1452","宏益",40.50,-0.20,41.20,40.40,2173
"1453","大將",16.20,-0.10,16.50,16.10,87
"1454","台富",37.20,1.50,38.10,35.80,1627
"1455","集盛",29.90,-0.40,30.50,29.80,3311
"1456","怡華",12.95,-0.05,13.10,12.80,485
"1457","宜進",27.10,-0.50,27.40,27.00,1068
"1458","嘉畜",16.70,-0.20,16.70,16.40,267
"1459","聯發",34.50,0.20,34.60,33.60,2310
"1460","宏遠",23.80,0.00,23.80,23.10,1665
"1461","金緯",40.80,0.00,41.20,39.90,3719
"1462","東雲",19.10,-0.40,19.40,19.10,1513
"1463","強盛",25.60,-0.30,26.00,25.60,204
"1464","得力",28.00,-0.60,28.70,28.00,704
"1502","大同",45.70,-0.80,46.40,45.70,4005
"1503","士電",63.50,0.50,64.50,62.00,8734
"1504","東元",52.50,-0.50,53.00,52.00,1239
"1505","楊鐵",67.50,2.50,69.50,65.00,316
"1506","正道",69.00,-1.00,69.50,67.50,518
"1507","永大",56.00,-1.00,57.00,55.50,2915
"1508","中精機",63.00,-0.50,63.00,62.50,851
"1509","元富",34.40,-0.60,34.70,34.20,993
"1510","台安",55.00,-1.00,56.50,54.50,183
"1511","飛瑞",93.00,5.00,93.00,87.00,3417
"1512","瑞利",21.30,-0.50,21.80,21.00,1228
"1513","中興電",17.50,-0.40,17.90,17.50,2006
"1514","亞力",31.10,-0.70,31.60,31.00,463
"1515","力山",32.70,0.20,32.80,32.10,1124
"1516","川飛",41.80,0.40,42.40,41.10,1723
"1517","利奇",79.00,1.50,80.00,77.00,1623
"1518","夆典",22.20,0.10,23.00,22.10,1227
"1519","華城",41.20,0.10,41.30,41.00,132
"1601","台光",50.00,0.00,50.50,49.30,2467
"1602","太電",39.50,1.30,39.50,37.50,38848
"1603","華電",37.80,2.10,38.10,35.30,2895
"1604","聲寶",22.90,0.10,23.20,22.50,1826
"1605","華新",29.00,-0.50,29.50,28.60,6824
"1606","歌林",19.90,-0.20,20.00,19.60,609
"1608","榮電",22.50,-0.40,22.80,22.40,1709
"1609","大亞",18.60,-0.10,18.70,18.50,941
"1610","泰瑞",37.00,-0.30,37.80,37.00,763
"1611","中電",24.80,0.00,24.80,24.60,167
"1612","宏泰",33.00,-0.70,33.60,33.00,232
"1613","台一",21.30,-0.20,21.50,21.10,833
"1701","中化",60.00,2.00,60.00,57.00,8048
"1702","南僑",23.60,-0.10,23.90,23.50,266
"1704","榮化",31.20,-0.30,31.50,30.80,3299
"1705","正豐",6.35,0.00,6.40,6.35,723
"1707","葡萄王",27.50,0.50,27.50,27.10,585
"1708","東鹼",23.10,-0.30,23.40,23.00,695
"1709","和益",23.40,0.30,23.50,23.10,150
"1710","東聯",52.50,-1.00,53.00,52.00,1953
"1711","永光",51.00,0.00,51.00,50.50,539
"1712","興農",18.60,-0.10,18.80,18.50,606
"1713","國化",45.00,-0.50,45.80,44.50,877
"1714","和桐化",25.70,0.50,25.90,25.00,4246
"1715","亞化",26.90,-0.10,27.00,26.50,135
"1716","永信",69.50,0.50,70.50,69.00,57
"1717","長興",67.00,-2.00,68.50,66.00,723
"1718","中纖",37.00,-0.60,37.00,36.50,2590
"1719","台硝",32.30,-0.20,32.50,32.00,258
"1720","生達",57.00,0.00,57.00,55.50,83
"1721","三晃",53.00,-1.00,54.00,53.00,75
"1802","台玻",45.60,-1.60,46.60,45.50,1909
"1805","凱聚",19.90,-0.10,20.00,19.60,1040
"1806","信益",43.30,-0.80,43.80,43.10,1012
"1807","羅馬",22.00,-0.20,22.30,21.70,1104
"1808","國賓瓷",29.00,0.00,29.50,28.80,907
"1809","中國釉",38.90,-0.40,39.60,38.10,863
"1810","和成",39.30,-0.30,39.70,39.00,575
"1902","台紙",24.70,-0.80,25.30,24.50,11109
"1903","士紙",148.50,0.00,149.00,146.00,824
"1904","正隆",19.50,0.10,19.50,19.10,2507
"1905","華紙",25.60,-0.20,25.70,25.30,1242
"1906","寶隆",13.50,0.50,13.50,12.50,740
"1907","永豐餘",20.50,-0.80,21.20,20.50,999
"1908","萬有",12.40,-0.10,12.50,12.40,1851
"1909","榮成",18.10,-0.10,18.10,17.90,1199
"2002","中鋼",31.30,0.60,31.30,30.50,29128
"2004","大鋼",15.60,0.00,15.60,15.30,718
"2005","友力",29.30,0.00,29.50,28.30,7915
"2006","東鋼",27.10,0.00,27.10,26.60,1139
"2007","燁興",14.85,-0.10,15.00,14.80,1496
"2008","高興昌",27.20,-0.60,27.70,27.20,318
"2009","一銅",16.20,-0.20,16.40,16.10,391
"2010","春源",18.50,-0.30,18.90,18.40,480
"2011","彥武",17.80,0.20,17.80,17.40,751
"2012","春雨",20.10,-0.30,20.40,20.00,453
"2013","中鋼構",22.70,-0.20,22.80,22.30,238
"2014","燁隆",14.80,-0.10,15.00,14.80,1830
"2015","豐興",28.90,-0.30,29.50,28.80,678
"2016","名佳利",44.20,0.30,44.20,43.90,1109
"2017","嘉益",18.30,-0.20,18.50,18.30,750
"2018","峰安",18.00,-0.10,18.20,18.00,722
"2019","桂宏",24.00,0.00,24.20,24.00,1558
"2020","美亞",26.80,-0.50,27.30,26.70,173
"2021","紐新",27.50,-0.50,27.80,27.40,3886
"2022","聚亨",20.80,0.20,21.00,20.40,1435
"2023","燁輝",29.40,-0.20,29.90,29.30,1743
"2024","志聯",89.00,-4.00,92.00,89.00,490
"2025","千興",18.20,-0.40,18.60,18.20,579
"2026","新泰伸",39.80,-0.70,40.50,39.60,701
"2027","大成鋼",24.90,0.20,25.00,24.60,344
"2028","威致",29.10,-1.50,30.60,28.80,4555
"2029","盛餘",39.80,-0.30,40.10,39.60,933
"2101","南港",133.00,0.00,136.00,130.00,330
"2102","泰豐",57.50,-0.50,58.50,57.50,929
"2103","台橡",33.20,0.00,33.50,33.20,983
"2104","中橡",38.20,-0.50,38.40,37.80,866
"2105","正新",65.00,0.50,66.50,64.00,10845
"2106","建大",67.50,0.50,69.00,66.00,2741
"2107","厚生",40.60,-0.40,40.90,40.10,899
"2108","南帝",22.80,-0.30,23.00,22.50,515
"2201","裕隆",60.50,-0.50,60.50,59.00,3755
"2202","三富",11.05,-0.15,11.30,11.00,2461
"2204","中華",82.00,-1.00,82.00,81.00,2439
"2205","國產車",62.00,2.00,62.00,60.00,28676
"2206","三陽",68.00,0.00,68.00,67.50,142
"2207","和泰車",52.50,0.00,54.00,52.50,1954
"2301","光寶",146.00,-1.50,146.50,141.50,15213
"2302","麗正",38.50,0.00,38.50,35.20,674
"2303","聯電",127.00,-1.00,127.00,123.50,47267
"2304","誠洲",27.30,-0.40,27.70,27.10,4926
"2305","全友",59.00,-1.00,59.00,57.50,3035
"2306","宏電",86.00,-2.50,86.50,85.00,23327
"2307","濟業",29.80,1.00,30.80,28.30,619
"2308","台達電",193.00,7.00,193.00,182.00,17023
"2310","旭麗",96.50,-2.50,98.00,96.50,3601
"2311","日月光",136.50,-1.50,137.00,134.00,21701
"2312","金寶",49.60,-1.40,50.50,49.00,4901
"2313","華通",279.00,-3.00,280.00,272.00,6043
"2314","台揚",34.50,-0.80,35.00,34.00,1316
"2315","神達",41.90,-0.10,42.30,40.30,16098
"2316","楠梓",117.00,0.00,117.00,114.50,8418
"2317","鴻海",266.00,-4.00,266.00,256.00,11881
"2318","佳錄",38.20,-0.80,39.00,38.00,1658
"2319","大眾",73.50,-2.50,74.50,73.00,5320
"2320","中強",40.40,1.20,40.40,38.30,19883
"2321","東訊",48.90,-1.10,49.60,48.90,1528
"2322","致福",58.50,-1.50,59.00,57.50,7782
"2323","中環",91.00,2.50,91.00,86.50,13706
"2324","仁寶",139.50,-2.50,140.00,137.50,8854
"2325","矽品",122.00,0.00,122.00,115.00,8677
"2326","亞瑟",89.00,0.00,90.50,88.50,11981
"2327","國巨",128.00,0.00,128.00,120.50,23403
"2328","廣宇",103.50,-1.50,105.00,103.50,749
"2329","華泰",92.00,-2.00,92.50,90.50,10836
"2330","臺積電",152.00,0.00,152.00,148.00,63181
"2331","精英",54.00,0.00,54.00,52.00,2470
"2332","友訊",69.50,-1.50,70.50,69.00,2091
"2333","碧悠",25.10,-0.50,25.50,25.00,4387
"2334","國豐",56.00,-2.00,57.00,55.50,3132
"2335","清三",41.30,-1.70,42.40,41.20,343
"2336","致伸",114.00,-0.50,114.50,110.50,7671
"2337","旺宏",68.00,1.00,69.50,66.00,103130
"2338","光罩",208.00,6.00,209.00,198.00,8485
"2339","合泰",65.50,-2.00,66.50,65.00,8711
"2340","光磊",107.50,-1.00,107.50,103.50,5848
"2341","英群",43.10,-1.70,44.60,41.70,1399
"2342","茂矽",59.00,-1.00,59.00,57.50,23773
"2343","精業",73.00,-2.00,74.00,72.50,1421
"2344","華邦電",67.50,-1.50,68.00,66.50,37429
"2345","智邦",103.00,-3.00,105.00,102.00,1851
"2346","源興",84.50,-1.50,85.00,83.00,3641
"2347","聯強",291.00,-6.00,294.00,289.00,5157
"2348","力捷",180.00,-5.00,184.00,180.00,4201
"2349","錸德",229.00,-3.00,232.00,225.00,7651
"2350","環隆",148.50,-1.00,149.00,146.00,2436
"2351","順德",65.00,-2.00,66.00,65.00,1445
"2352","明",72.50,-2.50,73.00,72.00,3397
"2353","宏科",93.00,-4.00,96.00,93.00,1951
"2354","華升",43.30,-0.40,43.70,42.20,4262
"2355","敬鵬",134.00,-2.00,135.00,131.50,1962
"2356","英業達",224.00,-3.00,224.00,220.00,6751
"2357","華碩",590.00,-8.00,594.00,585.00,1825
"2358","美格",35.20,-0.80,35.80,35.00,3509
"2359","所羅門",89.00,0.00,89.00,85.00,2663
"2360","致茂",108.50,-3.50,112.00,107.00,640
"2361","鴻友",86.50,1.50,86.50,82.00,2658
"2362","藍天",137.00,-2.50,139.00,136.00,997
"2363","矽統",69.50,-2.50,71.00,69.00,2633
"2364","倫飛電腦",100.00,0.00,100.00,100.00,7891
"2501","國建",48.50,0.50,49.00,47.80,5567
"2504","國產",25.00,0.40,25.10,24.40,23880
"2505","國揚",67.00,0.00,68.00,67.00,1742
"2506","太設",26.20,0.40,26.50,25.80,9990
"2509","保固",40.30,-0.40,41.20,40.20,246
"2511","太子建",27.60,-0.30,28.30,27.50,2953
"2512","寶建",24.30,-0.40,25.20,24.30,5523
"2513","潤建",19.90,0.00,20.40,19.80,3222
"2514","龍邦",41.20,-0.50,42.50,41.00,1665
"2515","中工",38.80,-0.80,40.60,38.60,59148
"2516","新建",20.20,0.20,20.20,19.40,1493
"2517","長谷",22.00,-0.30,22.60,22.00,3287
"2518","長億",34.00,-0.30,34.70,34.00,6473
"2519","宏福",34.90,0.30,35.00,34.10,3330
"2520","冠德",67.00,-2.00,70.50,67.00,979
"2521","宏總",21.00,0.20,21.20,20.60,1702
"2522","啟阜",57.50,-1.00,59.50,56.50,2679
"2523","德寶",43.50,0.10,44.50,42.90,8981
"2524","緯城",19.80,0.20,20.10,19.60,896
"2525","寶祥",25.50,-0.20,26.40,25.40,6835
"2526","大陸",42.00,0.70,42.00,40.60,1742
"2527","宏璟",39.60,-0.20,40.50,39.00,918
"2528","皇普",40.70,-0.50,41.90,40.00,2293
"2529","仁翔",21.60,-0.80,22.80,21.60,465
"2530","華建",48.40,1.30,48.60,46.60,5910
"2531","三采",66.00,-0.50,67.00,65.00,1145
"2532","尖美",50.50,0.60,50.50,49.50,3207
"2533","昱成",81.00,1.50,81.00,78.00,2638
"2534","宏盛",54.50,-0.50,56.50,54.50,1278
"2535","達欣工",40.00,-0.20,41.00,39.30,6024
"2536","宏普",60.00,-0.50,61.50,59.00,1086
"2537","春池",29.30,-0.20,30.20,29.20,1713
"2538","基泰",63.00,-1.00,64.50,62.50,1594
"2601","益航",17.50,0.10,17.80,17.50,3200
"2603","長榮",40.50,0.00,41.30,40.50,2990
"2604","立榮",44.40,0.60,45.20,44.10,2058
"2605","新興",20.90,0.20,21.40,20.80,3784
"2606","裕民航",22.20,0.10,22.70,22.00,1699
"2607","榮運",54.50,0.00,56.00,54.00,737
"2608","大榮",45.70,-1.10,47.00,45.70,1309
"2609","陽明",28.20,0.20,28.50,28.00,5895
"2610","華航",39.10,1.10,39.30,38.00,21823
"2611","志信",20.40,0.00,20.50,20.30,125
"2612","偉運",27.00,-0.20,27.60,27.00,733
"2613","中櫃",52.50,0.00,53.50,52.50,201
"2614","遠倉",24.40,0.00,24.40,24.00,2868
"2615","萬海",51.50,-0.50,52.50,51.50,699
"2701","萬企",32.30,-0.30,32.50,32.00,275
"2702","華園",62.00,0.00,63.00,61.00,26
"2703","華國",30.70,-0.10,30.90,30.20,168
"2704","國賓",29.70,-0.10,29.70,29.20,1264
"2705","六福",94.00,-1.00,95.00,93.50,470
"2706","第一店",76.50,-0.50,79.00,76.50,339
"2801","彰銀",114.50,0.00,115.50,114.00,1643
"2802","一銀",114.00,-1.50,116.00,114.00,1531
"2803","華銀",117.50,-1.50,119.00,117.50,2414
"2804","開發",121.50,-2.00,123.00,121.00,7892
"2805","國壽",145.50,-1.00,146.50,145.00,3495
"2806","中銀",56.00,0.00,56.50,56.00,1496
"2807","竹企",47.10,-0.50,47.70,47.10,615
"2808","北企",50.50,-1.00,51.50,50.50,1324
"2809","南企",40.60,-0.20,41.40,40.60,1062
"2810","高企",39.60,-0.40,40.00,39.50,561
"2811","東企",28.70,-0.10,28.80,28.20,949
"2812","中企",47.00,-0.30,47.70,46.60,7987
"2813","國票",17.60,0.00,17.70,17.50,2320
"2814","中興票",18.80,-0.10,18.90,18.70,1224
"2815","中信銀",41.30,-0.40,41.70,41.10,3463
"2816","友聯",42.00,0.00,42.10,41.60,94
"2817","富邦保",69.00,-1.50,71.00,69.00,2379
"2818","新壽",99.50,-1.00,100.00,99.00,1702
"2819","中產",41.60,-0.70,42.50,41.50,631
"2820","華票",18.60,-0.10,18.80,18.50,1259
"2821","復華",48.70,-0.30,49.00,48.50,2156
"2822","農銀",40.50,-0.10,40.90,40.50,1388
"2823","中壽",51.00,-0.50,52.00,51.00,915
"2824","交銀",78.50,0.00,78.50,76.50,10183
"2825","中央保",46.80,0.20,47.00,46.60,660
"2826","世銀",63.50,-0.50,64.00,63.00,1467
"2827","中聯託",53.50,0.00,53.50,53.00,234
"2828","萬通銀",22.80,0.00,22.90,22.60,847
"2829","大安銀",22.10,-0.20,22.30,22.00,1191
"2830","台北銀行",50.00,-0.50,50.50,50.00,1946
"2901","欣欣",78.00,-0.50,79.00,76.00,72
"2902","中信",59.50,-1.50,60.00,59.00,775
"2903","遠百",41.50,-0.70,42.00,41.30,3052
"2904","匯僑",26.20,0.60,26.50,25.20,329
"2905","三商行",50.00,1.00,50.50,49.40,996
"2906","高林",32.90,0.10,33.50,32.50,7145
"2907","震旦行",77.00,-1.00,77.50,76.50,2705
"2908","特力",22.40,-0.30,22.70,22.10,592
"2909","佳能",37.50,1.00,37.50,36.10,1226
"2910","統領",70.00,2.00,70.00,66.50,24
"2911","麗嬰房",36.70,0.20,36.70,35.80,160
"4201","興泰實業",24.60,-0.40,25.00,24.10,71
"4203","天仁",30.20,0.40,31.30,29.80,240
"4301","永裕塑膠",24.80,0.20,24.80,24.30,33
"4401","東隆興業",28.20,0.00,28.20,27.50,102
"4502","源恆工業",19.00,0.00,19.00,18.50,107
"4503","金雨",73.00,0.00,75.00,71.00,41
"4504","勤美",34.80,-1.20,36.00,34.60,339
"4505","耿鼎",31.80,0.00,31.80,31.10,56
"4601","良得電子",36.50,0.00,38.60,35.00,262
"4602","三洋電機",30.20,-0.60,30.80,30.10,77
"4603","燦坤",121.50,-3.00,124.00,120.00,62
"4604","億泰",114.00,-3.00,116.00,113.00,40
"4701","美吾髮",57.50,2.50,57.50,55.00,1038
"4702","中美聯合",18.30,-0.40,18.50,17.60,120
"4703","金美克能",21.90,0.10,22.00,21.50,20
"4704","泰銘實業",62.50,-0.50,63.50,62.00,103
"4801","景泰工業",21.80,0.10,21.90,21.70,12
"5001","信元實業",18.20,-0.10,18.30,17.90,108
"5002","住聯工業",17.60,-0.10,17.80,17.50,251
"5003","新鋼工業",18.10,0.10,18.20,17.60,58
"5004","新光鋼",22.80,-0.30,22.80,22.80,34
"5301","祥裕電子",32.60,-0.60,33.00,32.10,141
"5302","太欣半導",88.00,-2.00,89.00,85.00,703
"5304","大霸電子",51.50,-0.50,52.00,51.00,782
"5305","敦南科技",80.00,-1.00,80.00,78.00,235
"5306","訊康科技",36.80,0.00,37.20,35.00,650
"5307","耀文電子",80.50,-1.50,81.00,79.00,259
"5309","系統電子",32.00,-0.30,32.30,32.00,89
"5310","天剛資訊",51.00,-1.00,52.00,50.50,218
"5311","新巨企業",53.50,-2.00,55.00,52.50,125
"5312","華昭科技",33.80,-0.10,34.20,33.50,129
"5313","皇旗",35.30,-0.30,35.30,34.80,477
"5314","民生科技",90.50,0.50,91.00,88.00,853
"5315","光聯科技",71.50,2.50,72.50,67.00,630
"5316","云辰電子",98.00,-1.00,98.00,95.00,332
"5317","凱美",41.00,0.50,41.00,39.10,144
"5318","佳鼎",122.00,-2.00,122.00,120.00,195
"5319","英誌",130.00,-4.00,131.00,127.00,178
"5320","台光電",53.00,1.00,53.50,52.00,518
"5321","九德",108.50,-3.50,111.00,108.00,264
"5322","偉詮",63.00,-2.00,64.00,62.00,288
"5323","聯昌",99.00,-2.50,101.50,99.00,174
"5324","華昕電",27.40,-1.00,28.00,27.40,222
"5325","大騰",71.00,-2.00,73.00,71.00,149
"5326","漢磊",55.00,-1.50,56.50,54.50,165
"5327","圓剛",157.00,-1.00,157.00,155.00,101
"5501","駿達建設",28.40,-1.60,30.00,28.20,1085
"5502","龍田",36.30,-0.30,36.50,35.50,479
"5503","榮美",43.80,-1.20,44.30,43.10,1171
"5601","台聯貨櫃",34.20,0.20,35.00,34.20,6
"5602","長榮貨櫃",33.10,0.00,33.70,33.00,73
"5603","陸海",32.80,0.30,32.80,31.80,34
"5604","中連運",54.00,0.00,54.50,54.00,33
"5801","建弘投信",170.00,-2.00,172.00,167.00,476
"5804","萬泰銀行",17.90,-0.10,18.00,17.80,337
"5805","台新銀行",22.80,-0.20,23.00,22.80,496
"5806","玉山銀行",21.90,-0.20,22.10,21.80,834
"5807","聯邦銀行",18.00,0.00,18.20,17.70,223
"5808","中興銀行",16.50,0.00,16.60,16.50,1587
"5809","亞太銀行",16.60,-0.10,16.70,16.60,668
"5810","泛亞銀行",15.60,0.00,15.70,15.50,1472
"5811","中華銀行",19.60,-0.10,19.60,19.40,414
"5812","遠東銀行",16.70,-0.10,16.80,16.60,2519
"5813","安泰銀行",19.00,-0.10,19.00,18.80,69
"5814","華信銀行",25.10,-0.20,25.30,25.00,1224
"5815","大眾銀行",16.90,-0.10,17.00,16.80,218
"5816","富邦銀行",23.40,0.00,23.40,23.00,511
"5817","寶島銀",15.70,-0.10,15.70,15.40,956
"6001","建弘證券",83.00,-3.50,84.00,82.00,2565
"6002","台育證券",47.50,-1.50,48.50,47.00,1922
"6003","大華證券",97.50,-4.00,100.00,97.00,2299
"6004","元大證券",126.50,-7.50,132.00,125.00,6289
"6005","群益證券",85.00,-3.00,85.50,83.00,6152
"6006","元富證券",81.00,-3.00,82.50,79.50,2089
"6007","富邦證券",77.00,-0.50,77.50,75.00,1272
"6008","中信證券",70.00,-3.00,72.50,70.00,974
"6009","永昌證券",78.00,-3.00,80.00,77.00,1115
"6010","台証證券",70.00,-2.00,71.00,69.00,2488
"6011","寶來證券",112.50,-2.50,115.00,110.00,4033
"6012","金鼎證券",84.50,-2.50,85.50,83.00,3065
"6013","京華證券",102.50,-3.00,105.00,100.00,1284
"6014","日盛證券",110.00,-6.00,113.00,110.00,3248
"6015","大信證券",67.50,-3.00,69.00,67.00,2768
"6016","康和證",61.00,-2.50,62.00,59.50,1847
"8901","秋雨印刷",29.00,-0.50,29.30,28.70,147
"8902","廣大興業",28.10,-1.30,28.10,28.00,4
"8903","全國加油",44.30,-1.70,46.00,43.50,172
"8904","東洋製罐",21.60,-1.40,23.50,21.60,876
"8905","裕國",56.50,-1.00,58.00,56.50,12
"8906","花王企業",37.10,0.50,37.60,36.70,64
"8907","三粹企業",32.60,1.60,32.90,31.40,126
"8908","欣雄",22.00,0.00,22.00,21.60,23
"8909","中友",26.90,-0.10,27.00,26.50,210
"8910","五洲",26.60,-0.50,27.00,26.50,75
"9801","力霸",15.60,-0.10,15.60,15.30,1331
"9901","工礦",76.00,-1.00,77.00,75.50,312
"9902","台火",54.50,-0.50,55.00,54.00,1330
"9904","寶成",189.00,-3.00,196.00,188.00,5829
"9905","大華金",29.30,-0.50,30.20,29.00,248
"9906","興達",12.00,-0.20,12.20,12.00,820
"9907","統一實",38.20,0.00,38.70,38.10,5082
"9908","大台北",25.10,-0.30,25.40,24.90,550
"9910","豐泰",86.00,-0.50,87.50,85.00,989
"9911","櫻花",63.00,-0.50,64.50,62.50,1272
"9912","偉聯",16.20,0.00,16.50,16.20,211
"9913","美式",39.60,1.40,39.60,37.60,6507
"9914","美利達",26.70,0.00,26.70,26.70,1083
"9915","億豐",32.90,0.80,33.50,31.50,2027
"9917","中保",111.00,1.00,111.00,110.50,26
"9918","欣天然",37.70,-0.10,37.80,36.50,948
"9919","康那香",56.00,1.50,57.00,54.50,659
"9921","巨大",62.50,2.50,63.00,60.50,4824
